# GIMP colorrc
# 
# This file holds a list of recently used colors.

(color-history
    (color-rgba 0 0 0 1)
    (color-rgba 0.94117653369903564 0.94117653369903564 0.94117653369903564 1)
    (color-rgba 0.77647066116333008 0.77647066116333008 0.77647066116333008 1)
    (color-rgba 0.93725496530532837 0.93725496530532837 0.93725496530532837 1)
    (color-rgba 0.7568628191947937 0.7568628191947937 0.7568628191947937 1)
    (color-rgba 0.83529418706893921 0.83529418706893921 0.83529418706893921 1)
    (color-rgba 0.83582089552238803 0.83582089552238803 0.83582089552238803 1)
    (color-rgba 0.24313727021217346 0.3333333432674408 0.078431375324726105 1)
    (color-rgba 0.28235295414924622 0.32549020648002625 0.20392158627510071 1)
    (color-rgba 0.23529413342475891 0.36078432202339172 0.0039215688593685627 1)
    (color-rgba 0.24313727021217346 0.37254902720451355 0.0039215688593685627 1)
    (color-rgba 0.12941176470588237 0.14117647058823529 0.16862745098039217 1)
    (color-rgba 0.92156862745098034 0.33743315508021376 0.035294117647058768 1)
    (color-rgba 0.90980392156862744 0.90980392156862744 0.89411764705882357 4.6630876344955689e-310)
    (color-rgba 0.92156862745098034 0.33725490196078434 0.035294117647058823 6.9526250891724238e-310)
    (color-rgba 0.92156862745098034 0.33725490196078434 0.035294117647058823 1)
    (color-rgba 0.92156862745098034 0.46274509803921571 0.035294117647058823 0)
    (color-rgba 0.84210526315789469 0.42665977288403412 0.15259625574002114 1)
    (color-rgba 0.60526315789473684 0.31699726981043214 0.097492052278346869 1)
    (color-rgba 0.79607843137254897 0.36862745098039218 0.043137254901960784 1)
    (color-rgba 0.9960784912109375 0.57647061347961426 0.066666670143604279 1)
    (color-rgba 0.27058824896812439 0.098039224743843079 0.015686275437474251 1)
    (color-rgba 0.57647061347961426 0.23137256503105164 0.035294119268655777 1)
    (color-rgba 0.63137257099151611 0.24705883860588074 0.054901964962482452 1)
    (color-rgba 0.086274512112140656 0.0039215688593685627 0.039215687662363052 1)
    (color-rgba 1 1 1 1)
    (color-rgba 0.31372549019607843 0.33333333333333331 0.34901960784313724 1)
    (color-rgba 0.015686274509803921 0.027450980392156862 0.050980392156862744 1)
    (color-rgba 0.066666666666666666 0.078431372549019607 0.098039215686274508 1)
    (color-rgba 0.39607846736907959 0.42352944612503052 0.44705885648727417 1)
    (color-rgba 0.41176474094390869 0.43921571969985962 0.458823561668396 1)
    (color-rgba 0.39215689897537231 0.41568630933761597 0.43529415130615234 1)
    (color-rgba 0.44705885648727417 0.4745098352432251 0.49803924560546875 1)
    (color-rgba 0.43921571969985962 0.46666669845581055 0.4901961088180542 1)
    (color-rgba 0.29411765933036804 0.31372550129890442 0.33725491166114807 1)
    (color-rgba 0.29019609093666077 0.30980393290519714 0.3333333432674408 1)
    (color-rgba 0.18039216101169586 0.19215688109397888 0.21568629145622253 1)
    (color-rgba 0.14117647707462311 0.15294118225574493 0.17254902422428131 1)
    (color-rgba 0.15686275064945221 0.16862745583057404 0.18823531270027161 1)
    (color-rgba 0.16470588743686676 0.17647059261798859 0.19607844948768616 1)
    (color-rgba 0.20392158627510071 0.21960785984992981 0.24313727021217346 1)
    (color-rgba 0.10588236153125763 0.11764706671237946 0.13725490868091583 1)
    (color-rgba 0.26274511218070984 0.28235295414924622 0.30588236451148987 1)
    (color-rgba 0.43137258291244507 0.458823561668396 0.48235297203063965 1)
    (color-rgba 0.85098039215686272 0.87450980392156863 0.88235294117647056 1)
    (color-rgba 0.92549019607843142 0.93725490196078431 0.94117647058823528 1)
    (color-rgba 0.14509803921568629 0.14509803921568629 0.15686274509803921 1)
    (color-rgba 0.12016955139526669 0.16943803241520378 0.22105263157894739 1)
    (color-rgba 0.80000000000000004 0.80392156862745101 0.80784313725490198 1)
    (color-rgba 0.27843137254901962 0.396078431372549 0.50196078431372548 1)
    (color-rgba 0.79473684210526319 0.79473684210526319 0.79473684210526319 1)
    (color-rgba 0.20784313725490197 0.21176470588235294 0.21568627450980393 1)
    (color-rgba 0.052631578947368474 0.05192511480042393 0.05192511480042393 1)
    (color-rgba 0.43137254901960786 0.51764705882352946 0.59607843137254901 1)
    (color-rgba 0.90090090090090091 0.85062247224409382 0.2808002808002808 1)
    (color-rgba 0.90980392156862744 0.90980392156862744 0.89411764705882357 1)
    (color-rgba 0.44313725490196076 0.4392156862745098 0.42745098039215684 1))

# end of colorrc
